%YAML:1.0
---
model_type: PINHOLE
camera_name: camera
image_width: 640
image_height: 480
distortion_parameters:
   k1: 0.0
   k2: 0.0
   p1: 0.0
   p2: 0.0
projection_parameters:
   fx: 382.6214294433594
   fy: 382.6214294433594
   cx: 320.74822998046875
   cy: 239.43905639648438
